90000
65000
150000
60000
200000
55000
120000
80000
45000
110000
75000
140000
65000
130000
40000
125000
90000
115000
35000
180000
80000
190000
50000
60000
140000
45000
110000
40000
140000
90000
250000
55000
75000
65000
170000
45000
60000
115000
40000
160000
80000
190000
60000
45000
130000
40000
75000
180000
120000
35000
130000
85000
60000
200000
50000
95000
65000
140000
55000
105000
170000
50000
80000
180000
35000
90000
120000
45000
90000
150000
65000
70000
190000
40000
120000
95000
160000
100000
180000
55000
70000
80000
30000
250000
40000
95000
45000
80000
135000
55000
120000
40000
105000
170000
75000
65000
160000
35000
90000
110000
45000
95000
150000
50000
80000
220000
50000
60000
100000
40000
110000
95000
130000
90000
35000
95000
65000
170000
45000
120000
100000
180000
50000
80000
140000
40000
95000
110000
50000
105000
160000
45000
100000
160000
35000
55000
140000
50000
60000
120000
40000
110000
50000
135000
40000
90000
150000
60000
80000
175000
45000
120000
140000
35000
95000
110000
50000
115000
185000
40000
90000
175000
45000
80000
120000
35000
110000
150000
50000
105000
180000
40000
140000
45000
85000
140000
50000
80000
170000
40000
105000
145000
40000
85000
130000
95000
100000
180000
35000
95000
170000
45000
95000
120000
40000
90000
155000
55000
110000
180000
45000
130000
45000
90000
160000
50000
120000
170000
40000
110000
150000
40000
85000
130000
100000
95000
180000
35000
100000
170000
45000
100000
140000
40000
105000
160000
70000
120000
190000
45000
120000
50000
85000
140000
45000
100000
140000
70000
120000
160000
40000
120000
150000
70000
95000
180000
50000
95000
170000
40000
110000
150000
40000
85000
130000
100000
95000
180000
350
120000
160000
50000
110000
40000
95000
140000
60000
110000
150000
60000
90000
180000
40000
120000
160000
70000
95000
180000
50000
95000
170000
35000
100000
150000
60000
85000
130000
65000
110000
180000
40000
90000
140000
60000
130000
160000
40000
100000
180000
55000
120000
150000
70000
95000
180000
50000
120000
170000
35000
100000
150000
60000
85000
130000
80000
95000
40000
120000
160000
65000
130000
180000
40000
100000
150000
55000
110000
180000
50000
130000
160000
60000
95000
170000
40000
90000
150000
70000
90000
170000
50000
150000
160000
60000
85000
180000
35000
110000
160000
55000
110000
180000
50000
130000
160000
60000
95000
170000
40000
90000
150000
70000
90000
170000
50000
150000
160000
60000
85000
170000
40000
90000
150000
160000
125000
120000
110000
180000
140000
170000
100000
190000
155000
130000
145000
115000
140000
185000
100000
190000
155000
130000
145000
125000
120000
110000
180000
140000
170000
100000
190000
155000
130000
145000
115000
140000
185000
100000
190000
155000
130000
145000
125000
120000
110000
180000
140000
170000
100000
190000
155000
130000
145000
115000
140000
185000
100000
190000
155000
130000
145000
125000
120000
110000
180000
140000
170000
100000
190000
155000
130000
145000
115000
140000
185000
100000
190000
155000
130000
145000
115000
140000
185000
100000
190000
155000
130000
145000
125000
120000
110000
180000
140000
170000
100000
190000
155000
130000
145000
115000
140000
185000
100000
190000
155000
130000
145000
115000
140000
185000
100000
190000
155000
130000
145000
115000
140000
185000
100000
190000
155000
130000
145000
115000
140000
185000
100000
190000
155000
130000
145000
115000
140000
185000
130000
180000
190000
150000
90000
195000
160000
198000
110000
185000
140000
196000
95000
193000
175000
160000
130000
180000
160000
198000
90000
185000
140000
196000
110000
180000
190000
150000
195000
160000
198000
130000
185000
140000
196000
110000
190000
180000
160000
198000
90000
195000
160000
150000
130000
180000
190000
198000
110000
185000
140000
196000
195000
160000
130000
180000
190000
198000
90000
140000
110000
185000
195000
160000
130000
180000
190000
198000
90000
140000
110000
185000
195000
160000
130000
180000
190000
198000
90000
140000
110000
185000
195000
160000
130000
180000
190000
198000
90000
140000
125000
175000
190000
150000
95000
195000
160000
198000
130000
185000
140000
196000
90000
193000
170000
160000
135000
180000
160000
198000
90000
185000
140000
196000
115000
180000
190000
150000
195000
160000
198000
130000
185000
140000
196000
110000
190000
180000
160000
198000
90000
195000
160000
150000
130000
180000
190000
198000
110000
185000
140000
196000
195000
160000
130000
180000
190000
198000
90000
140000
110000
185000
195000
160000
130000
180000
190000
198000
90000
140000
110000
185000
195000
160000
130000
180000
190000
198000
90000
140000
90000
150000
190000
125000
110000
180000
160000
195000
130000
170000
140000
196000
92000
195000
170000
160000
135000
180000
165000
198000
95000
185000
140000
196000
115000
180000
190000
150000
195000
160000
198000
130000
185000
140000
196000
110000
190000
180000
160000
198000
90000
195000
160000
150000
130000
180000
190000
198000
110000
185000
140000
196000
195000
160000
130000
180000
190000
198000
90000
140000
110000
185000
195000
160000
130000
180000
190000
198000
90000
140000
110000
185000
195000
160000
130000
180000
190000
198000
90000
140000
110000
185000
195000
160000
130000
180000
190000
198000
90000
140000
110000
185000
195000
160000
130000
180000
190000
198000
90000
140000
110000
185000
195000
160000
130000
180000
190000
198000
90000
140000
110000
185000
195000
160000
130000
180000
190000
198000
90000
140000
110000
185000
195000
160000
130000
180000
190000
198000
90000
140000
110000
185000
195000
160000
135000
190000
180000
160000
95000
196000
140000
130000
185000
195000
160000
130000
185000
150000
90000
198000
115000
165000
130000
180000
190000
198000
140000
180000
160000
92000
160000
130000
190000
198000
110000
185000
140000
196000
195000
160000
130000
180000
190000
198000
90000
140000
110000
185000
195000
160000
130000
180000
190000
198000
90000
140000
110000
185000
195000
160000
130000
180000
190000
198000
90000
140000
110000
185000
195000
160000
130000
180000
190000
198000
90000
140000
110000
185000
195000
160000
130000
180000
190000
198000
90000
140000
110000
185000
195000
160000
130000
180000
190000
198000
90000
140000
110000
185000
195000
160000
130000
180000
190000
198000
90000
140000
110000
185000
195000
160000
130000
180000
190000
198000
90000
140000
110000
185000
195000
160000
130000
180000
190000
198000
90000
140000
110000
185000
195000
160000
130000
180000
190000
198000
90000
140000
110000
185000
135000
180000
195000
165000
198000
150000
162000
175000
197000
142000
182000
185000
170000
160000
180000
150000
140000
100000
190000
160000
120000
170000
190000
150000
120000
170000
130000
95000
195000
100000
150000
120000
150000
180000
195000
160000
170000
140000
95000
150000
120000
180000
195000
100000
170000
160000
190000
190000
150000
120000
150000
180000
195000
95000
160000
100000
170000
190000
150000
120000
150000
180000
195000
95000
160000
100000
170000
190000
150000
120000
150000
180000
195000
95000
160000
100000
170000
190000
150000
120000
150000
180000
195000
95000
160000
100000
170000
190000
150000
120000
150000
180000
195000
95000
160000
100000
170000
190000
150000
120000
150000
180000
195000
95000
160000
100000
170000
190000
150000
120000
150000
180000
195000
95000
160000
100000
170000
190000
150000
120000
150000
180000
195000
95000
160000
100000
170000
190000
150000
120000
150000
180000
195000
95000
160000
100000
170000
190000
150000
120000
150000
180000
195000
95000
160000
100000
170000
180000
120000
195000
160000
100000
190000
170000
185000
130000
190000
150000
150000
195000
110000
180000
185000
130000
190000
155000
195000
90000
185000
120000
180000
100000
195000
160000
125000
170000
185000
130000
190000
150000
150000
195000
110000
180000
185000
130000
190000
155000
195000
90000
185000
120000
180000
100000
195000
160000
125000
170000
185000
130000
190000
150000
150000
195000
110000
180000
185000
130000
190000
155000
195000
90000
185000
120000
180000
100000
195000
160000
125000
170000
185000
130000
190000
150000
150000
195000
110000
180000
185000
130000
190000
155000
195000
90000
185000
120000
180000
100000
195000
160000
125000
170000
185000
130000
190000
150000
150000
195000
110000
180000
185000
130000
190000
155000
195000
90000
185000
175000
190000
110000
195000
100000
60000
155000
175000
180000
95000
200000
165000
145000
195000
75000
90000
155000
115000
170000
190000
115000
180000
195000
140000
200000
70000
170000
185000
140000
185000
185000
180000
175000
70000
60000
200000
170000
165000
55000
190000
90000
105000
130000
185000
60000
195000
60000
150000
180000
170000
125000
185000
90000
80000
85000
190000
160000
200000
195000
195000
190000
95000
55000
185000
120000
195000
175000
75000
200000
160000
175000
70000
180000
60000
190000
120000
200000
185000
190000
195000
170000
55000
130000
180000
185000
55000
145000
170000
195000
155000
125000
180000
95000
170000
100000
175000
80000
195000
155000
125000
110000
130000
190000
200000
200000
150000
140000
195000
195000
55000
185000
120000
190000
130000
190000
130000
140000
70000
170000
190000
80000
180000
70000
185000
55000
140000
170000
130000
180000
95000
70000
165000
185000
140000
60000
80000
150000
185000
70000
90000
170000
170000
190000
70000
185000
170000
100000
155000
170000
195000
185000
70000
190000
140000
60000
190000
180000
130000
170000
165000
185000
130000
60000
170000
140000
110000
70000
145000
190000
200000
80000
95000
100000
195000
185000
155000
195000
125000
195000
140000
170000
170000
150000
60000
70000
170000
55000
80000
185000
140000
180000
70000
185000
190000
130000
110000
180000
145000
170000
165000
140000
195000
155000
190000
195000
130000
85000
200000
140000
65000
190000
120000
80000
90000
190000
200000
190000
110000
180000
65000
185000
55000
130000
190000
120000
155000
190000
100000
150000
170000
80000
155000
195000
185000
70000
190000
140000
55000
190000
180000
130000
170000
165000
185000
130000
60000
170000
140000
110000
70000
145000
190000
200000
80000
95000
100000
195000
185000
155000
195000
125000
195000
140000
170000
170000
150000
60000
70000
170000
55000
80000
185000
140000
180000
70000
185000
190000
125000
160000
140000
195000
70000
70000
170000
185000
195000
130000
155000
185000
80000
195000
135000
55000
190000
70000
185000
170000
150000
195000
70000
195000
125000
185000
70000
155000
80000
185000
190000
170000
195000
150000
70000
70000
185000
135000
80000
195000
155000
170000
185000
70000
190000
125000
195000
150000
70000
70000
95000
170000
75000
210000
135000
160000
55000
190000
165000
80000
120000
185000
185000
190000
140000
130000
70000
170000
125000
155000
70000
195000
140000
130000
155000
190000
70000
80000
185000
100000
185000
190000
135000
160000
55000
80000
170000
55000
80000
185000
140000
180000
70000
185000
190000
125000
160000
140000
195000
70000
70000
170000
185000
195000
130000
155000
185000
80000
195000
135000
55000
190000
70000
185000
170000
150000
195000
70000
195000
125000
185000
195000
80000
170000
155000
185000
70000
140000
195000
140000
70000
185000
190000
135000
160000
55000
80000
185000
100000
185000
190000
125000
160000
140000
195000
70000
70000
170000
185000
195000
130000
155000
185000
80000
195000
135000
55000
190000
70000
185000
170000
150000
195000
70000
195000
125000
185000
195000
80000
170000
155000
120000
90000
180000
130000
170000
70000
210000
55000
190000
165000
105000
160000
110000
195000
85000
180000
55000
185000
140000
90000
160000
145000
185000
105000
110000
210000
55000
190000
165000
105000
160000
110000
195000
85000
180000
55000
185000
140000
90000
160000
145000
185000
105000
110000
210000
55000
190000
165000
105000
160000
110000
195000
85000
180000
55000
185000
140000
90000
160000
145000
185000
105000
110000
210000
55000
190000
165000
105000
160000
110000
195000
85000
180000
55000
185000
140000
90000
160000
145000
185000
105000
110000
210000
55000
190000
165000
105000
160000
110000
195000
85000
180000
55000
185000
140000
90000
160000
145000
185000
105000
110000
210000
55000
190000
165000
105000
160000
110000
195000
85000
180000
55000
185000
140000
90000
160000
145000
185000
105000
110000
210000
115000
170000
80000
200000
130000
155000
105000
190000
140000
185000
145000
90000
195000
95000
170000
115000
185000
65000
160000
100000
180000
55000
190000
115000
195000
150000
115000
185000
65000
160000
100000
180000
55000
190000
115000
195000
150000
115000
185000
65000
160000
100000
180000
55000
190000
115000
195000
150000
115000
185000
65000
160000
100000
180000
55000
190000
115000
195000
150000
115000
185000
65000
160000
100000
180000
55000
190000
115000
195000
150000
115000
185000
65000
160000
100000
180000
55000
190000
115000
195000
150000
115000
185000
65000
160000
100000
180000
55000
190000
115000
195000
150000
115000
185000
65000
160000
100000
180000
55000
190000
115000
195000
150000
115000
185000
65000
160000
100000
180000
55000
190000
115000
195000
150000
115000
185000
65000
160000
100000
180000
550
90000
160000
80000
195000
115000
150000
65000
190000
140000
185000
130000
105000
200000
100000
170000
115000
185000
90000
160000
80000
195000
115000
135000
65000
190000
140000
185000
130000
105000
200000
100000
170000
115000
185000
90000
160000
80000
195000
115000
135000
65000
190000
140000
185000
130000
105000
200000
100000
170000
115000
185000
90000
160000
80000
195000
115000
135000
65000
190000
140000
185000
130000
105000
200000
100000
170000
115000
185000
90000
160000
80000
195000
115000
135000
65000
190000
140000
185000
130000
105000
200000
100000
170000
115000
185000
90000
160000
80000
195000
115000
135000
65000
190000
140000
185000
130000
105000
200000
100000
170000
115000
185000
90000
160000
80000
195000
115000
135000
65000
190000
140000
185000
130000
105000
200000
100000
170000
115000
185000
90000
100000
110000
150000
80000
195000
115000
135000
65000
190000
140000
185000
130000
105000
200000
100000
170000
115000
185000
90000
160000
80000
195000
115000
135000
65000
190000
140000
185000
130000
105000
200000
100000
170000
115000
185000
90000
160000
80000
195000
115000
135000
65000
190000
140000
185000
130000
105000
200000
100000
170000
115000
185000
90000
160000
80000
195000
115000
135000
65000
190000
140000
185000
130000
105000
200000
100000
170000
115000
185000
90000
160000
80000
195000
115000
135000
65000
190000
140000
185000
130000
105000
200000
100000
170000
115000
185000
90000
160000
80000
195000
115000
135000
65000
190000
140000
185000
130000
105000
200000
100000
170000
115000
185000
90000
160000
80000
195000
115000
135000
65000
190000
140000
185000
130000
105000
200000
100000
170000
115000
185000
90000
130000
80000
180000
140000
160000
55000
190000
120000
200000
100000
150000
170000
65000
210000
90000
180000
110000
150000
80000
195000
115000
135000
65000
190000
140000
185000
130000
105000
200000
100000
170000
115000
185000
90000
160000
80000
195000
115000
135000
65000
190000
140000
185000
130000
105000
200000
100000
170000
115000
185000
90000
160000
80000
195000
115000
135000
65000
190000
140000
185000
130000
105000
210000
95000
170000
65000
190000
120000
200000
100000
150000
170000
65000
210000
90000
180000
110000
150000
80000
195000
115000
135000
65000
190000
140000
185000
130000
105000
200000
100000
170000
115000
185000
90000
160000
80000
195000
115000
135000
65000
190000
140000
185000
130000
105000
200000
100000
170000
115000
185000
90000
160000
80000
195000
115000
135000
65000
190000
140000
75000
95000
50000
180000
65000
120000
60000
150000
70000
220000
100000
55000
170000
90000
80000
180000
60000
120000
70000
210000
140000
50000
110000
60000
160000
75000
200000
100000
55000
170000
90000
80000
180000
60000
120000
70000
210000
140000
50000
110000
60000
160000
75000
200000
100000
55000
170000
90000
80000
180000
60000
120000
70000
210000
140000
50000
110000
60000
160000
75000
200000
100000
55000
170000
90000
80000
180000
60000
120000
70000
210000
140000
50000
110000
60000
160000
75000
200000
100000
55000
170000
90000
80000
180000
60000
120000
70000
210000
140000
50000
110000
60000
160000
75000
200000
100000
55000
170000
90000
80000
180000
60000
120000
70000
210000
140000
50000
110000
60000
160000
75000
200000
100000
55000
170000
90000
80000
180000
60000
120000
70000
210000
140000
50000
122485
169159
187081
166109
78354
90249
132720
161568
127346
120177
69032
101332
121450
166375
185119
149217
166512
186963
75072
163398
103947
179180
175966
190004
152039
76742
191790
139398
95845
160976
126753
161393
139817
181714
114776
105725
52731
106492
73895
119836
99747
168287
115920
128078
51265
165919
188651
55538
193964
104702
172955
138032
82683
155414
154207
107895
148446
102859
138662
181699
188232
51832
188484
138286
181132
73938
119224
101186
142360
151315
181021
134641
173851
104127
178859
98568
104661
134858
94502
62852
122485
169159
187081
166109
78354
90249
132720
161568
127346
120177
69032
101332
121450
166375
185119
149217
166512
186963
75072
163398
103947
179180
175966
190004
152039
76742
191790
139398
95845
160976
126753
161393
139817
181714
114776
105725
52731
106492
73895
119836
99747
168287
115920
128078
51265
165919
188651
55538
193964
104702
172955
138032
82683
155414
154207
107895
148446
102859
138662
181699
188232
51832
188484
138286
181132
73938
119224
101186
142360
151315
181021
134641
173851
104127
178859
98568
104661
134858
94502
62852
139095
106278
90452
168304
126593
152203
183138
130275
191915
62807
174305
133326
75656
155944
137775
51831
182237
151901
100052
158254
167207
112439
194214
84407
139413
143084
192344
106132
184816
150248
170995
88035
119419
173582
174436
71699
163558
166828
144496
193746
122581
79767
177177
89843
113563
128712
161621
121454
179987
72649
52612
184006
131960
102465
149748
171036
146351
185462
107718
90944
100425
63901
181902
136533
136285
191818
176643
70022
99363
152944
123386
168906
183020
47898
135853
149198
106662
186610
89995
85825
143814
174726
150534
68732
187951
137336
191159
102868
154281
111535
107906
143885
180958
108607
178284
75969
143705
197354
174324
123781
141735
187120
61095
179045
130355
103282
157872
117314
186321
129686
68611
177913
68472
113065
125091
172925
126916
183417
76898
579
65000
120000
90000
190000
140000
75000
160000
130000
60000
220000
80000
130000
65000
170000
110000
50000
210000
100000
50000
160000
70000
190000
140000
45000
120000
60000
150000
70000
200000
100000
55000
170000
90000
80000
180000
60000
120000
70000
210000
140000
50000
110000
60000
160000
75000
200000
100000
55000
170000
90000
80000
180000
60000
120000
70000
210000
140000
50000
110000
60000
160000
75000
200000
100000
55000
170000
90000
80000
180000
60000
120000
70000
210000
140000
50000
110000
60000
160000
75000
200000
100000
55000
170000
90000
80000
180000
60000
120000
70000
210000
140000
50000
110000
60000
160000
75000
200000
100000
55000
170000
90000
80000
180000
60000
120000
70000
210000
140000
50000
110000
60000
160000
75000
200000
100000
55000
170000
90000
80000
180000
60000
120000
70000
210000
103579
163780
137878
92438
84181
174821
126520
152168
190543
131547
192292
52807
174938
124071
73640
156486
138859
52831
182392
151078
100679
158966
167924
113334
194778
77606
140010
142421
192756
106686
186794
150729
171652
88552
119918
174985
174336
72389
163978
166958
145052
195270
122970
80247
177862
91062
114290
128999
162454
122354
179756
73218
52612
184480
132442
102828
150301
171468
147326
185982
108267
91397
100867
64182
182506
136986
136662
191510
177347
70397
146075
155795
132638
178684
106218
191239
65840
52779
185038
136449
110707
151670
167015
146508
190596
104378
70216
101733
55935
180367
135596
136062
191267
177347
70397
146075
155795
132638
178684
106218
191239
65840
52779
185038
136449
110707
151670
167015
146508
190596
104378
70216
101733
55935
180367
135596
136062
191267
177347
103579
163780
137878
92438
84181
174821
126520
152168
190543
131547
192292
52807
174938
124071
73640
156486
138859
52831
182392
151078
100679
158966
167924
113334
194778
77606
140010
142421
192756
106686
186794
150729
171652
88552
119918
174985
174336
72389
163978
166958
145052
195270
122970
80247
177862
91062
114290
128999
162454
122354
179756
73218
52612
184480
132442
102828
150301
171468
147326
185982
108267
91397
100867
64182
182506
136986
136662
191510
177347
70397
146075
155795
132638
178684
106218
191239
65840
52779
185038
136449
110707
151670
167015
146508
190596
104378
70216
101733
55935
180367
135596
136062
191267
177347
70397
146075
155795
132638
178684
106218
191239
65840
52779
185038
136449
110707
151670
167015
146508
190596
104378
70216
101733
55935
180367
135596
136062
191267
177347
103579
163780
137878
92438
84181
174821
126520
152168
190543
131547
192292
52807
174938
124071
73640
156486
138859
52831
182392
151078
100679
158966
167924
113334
194778
77606
140010
142421
192756
106686
186794
150729
171652
88552
119918
174985
174336
72389
163978
166958
145052
195270
122970
80247
177862
91062
114290
128999
162454
122354
179756
73218
52612
185038
132442
102828
150301
171468
147326
185982
108267
91397
100867
64182
182506
136986
136662
191510
177347
82944
188288
141090
152726
124141
67556
182768
148727
91903
147708
163209
120288
170226
134979
137489
83577
117904
134482
184660
100151
88678
181285
154990
108204
175684
77766
192211
144647
162231
121120
79652
177002
87584
131860
182013
108799
135378
183530
150901
82697
194638
130356
152560
121432
63789
183690
151310
100358
148437
168691
50000
100000
60000
90000
70000
170000
130000
50000
120000
80000
200000
100000
55000
170000
90000
80000
180000
60000
120000
70000
210000
140000
50000
110000
60000
160000
75000
200000
100000
55000
170000
90000
80000
180000
60000
120000
70000
210000
140000
50000
110000
60000
160000
75000
200000
100000
55000
170000
90000
80000
180000
60000
120000
70000
210000
140000
50000
110000
60000
160000
75000
200000
100000
55000
170000
90000
80000
180000
60000
120000
70000
210000
140000
50000
110000
60000
160000
75000
200000
100000
55000
170000
90000
80000
180000
60000
120000
70000
210000
140000
50000
110000
60000
160000
75000
200000
100000
55000
170000
90000
80000
180000
60000
120000
70000
210000
140000
50000
110000
60000
160000
75000
200000
100000
55000
170000
90000
80000
180000
60000
120000
70000
210000
140000
80000
70000
180000
60000
120000
70000
210000
140000
50000
110000
60000
160000
75000
200000
100000
55000
170000
90000
80000
180000
60000
120000
70000
210000
140000
50000
110000
60000
160000
75000
200000
100000
55000
170000
90000
80000
180000
60000
120000
70000
210000
140000
50000
110000
60000
160000
75000
200000
100000
55000
170000
90000
80000
180000
60000
120000
70000
210000
140000
50000
110000
60000
160000
75000
200000
100000
55000
170000
90000
80000
180000
60000
120000
70000
210000
140000
50000
110000
60000
160000
75000
200000
100000
55000
170000
90000
80000
180000
60000
120000
70000
210000
140000
50000
110000
60000
160000
75000
200000
100000
55000
170000
90000
80000
180000
60000
120000
70000
210000
140000
50000
110000
60000
160000
75000
200000
100000
55000
170000
90000
80000
180000
60000
120000
80000
60000
50000
160000
120000
40000
100000
75000
140000
50000
110000
45000
55000
130000
50000
80000
45000
32000
120000
65000
95000
80000
38000
110000
45000
89000
32000
70000
150000
40000
105000
65000
140000
50000
35000
115000
70000
80000
30000
135000
40000
105000
35000
120000
55000
45000
140000
55000
115000
70000
38000
135000
45000
85000
32000
150000
65000
32000
120000
40000
95000
35000
140000
55000
80000
135000
45000
95000
32000
70000
120000
70000
85000
33000
150000
50000
32000
115000
40000
105000
35000
135000
65000
80000
140000
45000
95000
32000
70000
120000
70000
85000
33000
150000
50000
32000
115000
40000
105000
35000
135000
65000
80000
140000
45000
95000
32000
70000
120000
70000
85000
33000
150000
50000
32000
115000
40000
105000
35000
135000
65000
80000
140000
45000
95000
32000
70000
120000
70000
85000
33000
150000
50000
32000
115000
45000
32000
120000
65000
95000
80000
38000
110000
45000
89000
32000
70000
150000
40000
105000
65000
140000
50000
35000
115000
70000
80000
30000
135000
40000
105000
35000
120000
55000
45000
140000
55000
115000
70000
38000
135000
45000
85000
32000
150000
65000
32000
120000
40000
95000
35000
140000
55000
80000
135000
45000
95000
32000
70000
120000
70000
85000
33000
150000
50000
32000
115000
40000
105000
35000
135000
65000
80000
140000
45000
95000
32000
70000
120000
70000
85000
33000
150000
50000
32000
115000
40000
105000
35000
135000
65000
80000
140000
45000
95000
32000
70000
120000
70000
85000
33000
150000
50000
32000
115000
40000
105000
35000
135000
65000
80000
140000
45000
95000
32000
70000
120000
70000
85000
33000
150000
50000
32000
115000
60000
100000
150000
55000
30000
70000
90000
40000
130000
75000
35000
110000
65000
180000
35000
120000
75000
30000
160000
60000
85000
70000
50000
140000
75000
35000
110000
65000
180000
35000
120000
75000
30000
160000
60000
85000
70000
50000
140000
75000
35000
110000
65000
180000
35000
120000
75000
30000
160000
60000
85000
70000
50000
140000
75000
35000
110000
65000
180000
35000
120000
75000
30000
160000
60000
85000
70000
50000
140000
75000
35000
110000
65000
180000
35000
120000
75000
30000
160000
60000
85000
70000
50000
140000
75000
35000
110000
65000
180000
35000
120000
75000
30000
160000
60000
85000
70000
50000
140000
75000
35000
110000
65000
180000
35000
120000
75000
30000
160000
60000
85000
70000
50000
140000
75000
35000
110000
65000
180000
35000
120000
75000
30000
160000
60000
60000
100000
150000
55000
30000
70000
90000
40000
130000
75000
35000
110000
65000
180000
35000
120000
75000
30000
160000
60000
85000
70000
50000
140000
75000
35000
110000
65000
180000
35000
120000
75000
30000
160000
60000
85000
70000
50000
140000
75000
35000
110000
65000
180000
35000
120000
75000
30000
160000
60000
85000
70000
50000
140000
75000
35000
110000
65000
180000
35000
120000
75000
30000
160000
60000
85000
70000
50000
140000
75000
35000
110000
65000
180000
35000
120000
75000
30000
160000
60000
85000
70000
50000
140000
75000
35000
110000
65000
180000
35000
120000
75000
30000
160000
60000
85000
70000
50000
140000
75000
35000
110000
65000
180000
35000
120000
75000
30000
160000
60000
85000
70000
50000
140000
75000
35000
110000
65000
180000
35000
120000
75000
30000
160000
60000
55000
90000
160000
60000
25000
70000
100000
45000
140000
75000
30000
120000
65000
190000
35000
130000
85000
25000
150000
60000
100000
75000
50000
140000
75000
30000
120000
65000
190000
35000
130000
85000
25000
150000
60000
100000
75000
50000
140000
75000
30000
120000
65000
190000
35000
130000
85000
25000
150000
60000
100000
75000
50000
140000
75000
30000
120000
65000
190000
35000
130000
85000
25000
150000
60000
100000
75000
50000
140000
75000
30000
120000
65000
190000
35000
130000
85000
25000
150000
60000
100000
75000
50000
140000
75000
30000
120000
65000
190000
35000
130000
85000
25000
150000
60000
100000
75000
50000
140000
75000
30000
120000
65000
190000
35000
130000
85000
25000
150000
60000
100000
75000
50000
140000
75000
30000
120000
65000
190000
35000
130000
85000
25000
150000
60000
80000
60000
130000
45000
25000
90000
170000
40000
150000
95000
25000
110000
70000
220000
35000
140000
110000
25000
160000
80000
120000
90000
45000
150000
95000
25000
110000
70000
220000
35000
140000
110000
25000
160000
80000
120000
90000
45000
150000
95000
25000
110000
70000
220000
35000
140000
110000
25000
160000
80000
120000
90000
45000
150000
95000
25000
110000
70000
220000
35000
140000
110000
25000
160000
80000
120000
90000
45000
150000
95000
25000
110000
70000
220000
35000
140000
110000
25000
160000
80000
120000
90000
45000
150000
95000
25000
110000
70000
220000
35000
140000
110000
25000
160000
80000
120000
90000
45000
150000
95000
25000
110000
70000
220000
35000
140000
110000
25000
160000
80000
120000
90000
45000
150000
95000
25000
110000
70000
220000
35000
140000
110000
25000
160000
80000
85000
62000
138000
47000
26000
95000
174000
41000
162000
99000
26000
117000
75000
225000
36000
146000
113000
26000
168000
85000
122000
96000
49000
162000
99000
26000
117000
75000
225000
36000
146000
113000
26000
168000
85000
122000
96000
49000
162000
99000
26000
117000
75000
225000
36000
146000
113000
26000
168000
85000
122000
96000
49000
162000
99000
26000
117000
75000
225000
36000
146000
113000
26000
168000
85000
122000
96000
49000
162000
99000
26000
117000
75000
225000
36000
146000
113000
26000
168000
85000
122000
96000
49000
162000
99000
26000
117000
75000
225000
36000
146000
113000
26000
168000
85000
122000
96000
49000
162000
99000
26000
117000
75000
225000
36000
146000
113000
26000
168000
85000
122000
96000
49000
162000
99000
26000
117000
75000
225000
36000
146000
113000
26000
168000
85000
95000
180000
41000
26000
68000
127000
47000
155000
92000
26000
125000
71000
240000
36000
152000
119000
26000
190000
85000
131000
101000
49000
182000
92000
26000
125000
71000
240000
36000
152000
119000
26000
190000
85000
131000
101000
49000
182000
92000
26000
125000
71000
240000
36000
152000
119000
26000
190000
85000
131000
101000
49000
182000
92000
26000
125000
71000
240000
36000
152000
119000
26000
190000
85000
131000
101000
49000
182000
92000
26000
125000
71000
240000
36000
152000
119000
26000
190000
85000
131000
101000
49000
182000
92000
26000
125000
71000
240000
36000
152000
119000
26000
190000
85000
131000
101000
49000
182000
92000
26000
125000
71000
240000
36000
152000
119000
26000
190000
85000
131000
101000
49000
182000
92000
26000
125000
71000
240000
36000
152000
119000
26000
190000
85000
131000
62000
137000
112000
45000
25000
91000
179000
74000
228000
37000
193000
119000
25000
204000
61000
157000
92000
52000
58000
219000
77000
104000
25000
204000
37000
183000
119000
25000
204000
61000
157000
92000
52000
58000
219000
77000
104000
25000
204000
37000
183000
119000
25000
204000
61000
157000
92000
52000
58000
219000
77000
104000
25000
204000
37000
183000
119000
25000
204000
61000
157000
92000
52000
58000
219000
77000
104000
25000
204000
37000
183000
119000
25000
204000
61000
157000
92000
52000
58000
219000
77000
104000
25000
204000
37000
183000
119000
25000
204000
61000
157000
92000
52000
58000
219000
77000
104000
25000
204000
37000
183000
119000
25000
204000
61000
157000
92000
52000
58000
219000
77000
104000
25000
204000
37000
183000
119000
25000
204000
61000
157000
92000
52000
58000
219000
77000
95000
45000
70000
110000
35000
60000
50000
120000
32000
65000
35000
130000
95000
43000
50000
60000
80000
48000
125000
85000
42000
70000
32000
80000
42000
90000
65000
40000
110000
105000
50000
95000
60000
40000
55000
70000
32000
90000
50000
110000
32000
80000
70000
45000
65000
50000
45000
95000
65000
38000
125000
90000
43000
60000
60000
110000
35000
95000
42000
100000
32000
65000
42000
130000
95000
43000
50000
60000
80000
48000
125000
85000
42000
70000
32000
80000
42000
90000
65000
40000
110000
105000
50000
95000
60000
40000
55000
70000
32000
90000
50000
110000
32000
80000
70000
45000
65000
50000
45000
95000
65000
38000
125000
90000
43000
60000
60000
110000
35000
95000
42000
100000
32000
65000
42000
130000
95000
43000
500
45000
120000
55000
70000
140000
30000
100000
50000
55000
130000
45000
120000
55000
70000
140000
30000
100000
50000
55000
130000
45000
120000
55000
70000
140000
30000
100000
50000
55000
130000
45000
120000
55000
70000
140000
30000
100000
50000
55000
130000
45000
120000
55000
70000
140000
30000
100000
50000
55000
130000
45000
120000
55000
70000
140000
30000
100000
50000
55000
130000
45000
120000
55000
70000
140000
30000
100000
50000
55000
130000
45000
120000
55000
70000
140000
30000
100000
50000
55000
130000
45000
120000
55000
70000
140000
30000
100000
50000
55000
130000
45000
120000
55000
70000
140000
30000
100000
50000
55000
130000
45000
120000
55000
70000
140000
30000
100000
50000
55000
130000
45000
120000
55000
70000
140000
30000
100000
50000
55000
130000
45000
48000
125000
57000
72000
145000
31000
105000
52000
57000
135000
48000
125000
57000
72000
145000
31000
105000
52000
57000
135000
48000
125000
57000
72000
145000
31000
105000
52000
57000
135000
48000
125000
57000
72000
145000
31000
105000
52000
57000
135000
48000
125000
57000
72000
145000
31000
105000
52000
57000
135000
48000
125000
57000
72000
145000
31000
105000
52000
57000
135000
48000
125000
57000
72000
145000
31000
105000
52000
57000
135000
48000
125000
57000
72000
145000
31000
105000
52000
57000
135000
48000
125000
57000
72000
145000
31000
105000
52000
57000
135000
48000
125000
57000
72000
145000
31000
105000
52000
57000
135000
48000
125000
57000
72000
145000
31000
105000
52000
57000
135000
48000
125000
57000
72000
145000
31000
105000
52000
57000
135000
48000
85000
110000
170000
140000
30000
95000
80000
155000
25000
160000
65000
120000
105000
85000
110000
170000
140000
30000
95000
80000
155000
25000
160000
65000
120000
105000
85000
110000
170000
140000
30000
95000
80000
155000
25000
160000
65000
120000
105000
85000
110000
170000
140000
30000
95000
80000
155000
25000
160000
65000
120000
105000
85000
110000
170000
140000
30000
95000
80000
155000
25000
160000
65000
120000
105000
85000
110000
170000
140000
30000
95000
80000
155000
25000
160000
65000
120000
105000
85000
110000
170000
140000
30000
95000
80000
155000
25000
160000
65000
120000
105000
85000
110000
170000
140000
30000
95000
80000
155000
25000
160000
65000
120000
105000
85000
110000
170000
140000
30000
95000
80000
155000
25000
160000
65000
120000
105000
85000
110000
170000
140000
30000
95000
80000
25000
250000
120000
80000
100000
170000
50000
140000
120000
55000
85000
80000
170000
140000
30000
95000
80000
155000
25000
160000
65000
120000
105000
85000
110000
170000
140000
30000
95000
80000
155000
25000
160000
65000
120000
105000
85000
110000
170000
140000
30000
95000
80000
155000
25000
160000
65000
120000
105000
85000
110000
170000
140000
30000
95000
80000
155000
25000
160000
65000
120000
105000
85000
110000
170000
140000
30000
95000
80000
155000
25000
160000
65000
120000
105000
85000
110000
170000
140000
30000
95000
80000
155000
25000
160000
65000
120000
105000
85000
110000
170000
140000
30000
95000
80000
155000
25000
160000
65000
120000
105000
85000
110000
170000
140000
30000
95000
80000
155000
25000
160000
65000
120000
105000
85000
110000
170000
140000
30000
95000
80000
155000
25000
160000
60000
150000
80000
120000
130000
50000
180000
60000
110000
25000
100000
55000
140000
25000
150000
170000
55000
65000
60000
150000
50000
120000
55000
65000
60000
150000
50000
120000
60000
150000
80000
120000
130000
50000
180000
60000
110000
25000
100000
55000
140000
25000
150000
170000
55000
65000
60000
150000
50000
120000
55000
65000
60000
150000
50000
120000
60000
150000
80000
120000
130000
50000
180000
60000
110000
25000
100000
55000
140000
25000
150000
170000
55000
65000
60000
150000
50000
120000
55000
65000
60000
150000
50000
120000
60000
150000
80000
120000
130000
50000
180000
60000
110000
25000
100000
55000
140000
25000
150000
170000
55000
65000
60000
150000
50000
120000
55000
65000
60000
150000
50000
120000
60000
150000
80000
120000
130000
50000
180000
60000
110000
25000
100000
85000
160000
55000
100000
120000
50000
185000
65000
130000
25000
100000
55000
150000
25000
160000
170000
55000
65000
60000
160000
50000
120000
55000
65000
60000
160000
50000
120000
85000
160000
55000
100000
120000
50000
185000
65000
130000
25000
100000
55000
150000
25000
160000
170000
55000
65000
60000
160000
50000
120000
55000
65000
60000
160000
50000
120000
85000
160000
55000
100000
120000
50000
185000
65000
130000
25000
100000
55000
150000
25000
160000
170000
55000
65000
60000
160000
50000
120000
55000
65000
60000
160000
50000
120000
85000
160000
55000
100000
120000
50000
185000
65000
130000
25000
100000
55000
150000
25000
160000
170000
55000
65000
60000
160000
50000
120000
55000
65000
60000
160000
50000
120000
85000
160000
55000
100000
120000
50000
185000
65000
130000
25000
100000
55000
150000
85000
160000
55000
100000
120000
50000
185000
65000
130000
25000
100000
55000
150000
25000
160000
170000
55000
65000
60000
160000
50000
120000
55000
65000
60000
160000
50000
120000
85000
160000
55000
100000
120000
50000
185000
65000
130000
25000
100000
55000
150000
25000
160000
170000
55000
65000
60000
160000
50000
120000
55000
65000
60000
160000
50000
120000
85000
160000
55000
100000
120000
50000
185000
65000
130000
25000
100000
55000
150000
25000
160000
170000
55000
65000
60000
160000
50000
120000
55000
65000
60000
160000
50000
120000
85000
160000
55000
100000
120000
50000
185000
65000
130000
25000
100000
55000
150000
25000
160000
170000
55000
65000
60000
160000
50000
120000
55000
65000
60000
160000
50000
120000
85000
160000
55000
100000
120000
50000
185000
65000
130000
25000
100000
100000
120000
50000
130000
35000
160000
50000
100000
80000
60000
90000
170000
60000
120000
25000
180000
200000
50000
140000
70000
130000
80000
160000
55000
85000
170000
60000
120000
25000
180000
200000
50000
140000
70000
130000
80000
160000
55000
85000
170000
60000
120000
25000
180000
200000
50000
140000
70000
130000
80000
160000
55000
85000
170000
60000
120000
25000
180000
200000
50000
140000
70000
130000
80000
160000
55000
85000
170000
60000
120000
25000
180000
200000
50000
140000
70000
130000
80000
160000
55000
85000
170000
60000
120000
25000
180000
200000
50000
140000
70000
130000
80000
160000
55000
85000
170000
60000
120000
25000
180000
200000
50000
140000
70000
130000
80000
160000
55000
85000
170000
60000
120000
25000
180000
200000
50000
140000
70000
130000
80000
160000
55000
85000
170000
60000
120000
25000
180000
60000
120000
45000
80000
150000
65000
100000
90000
40000
110000
170000
75000
120000
70000
30000
180000
200000
50000
140000
65000
110000
28000
190000
210000
55000
140000
70000
130000
80000
170000
60000
90000
160000
60000
120000
25000
190000
200000
55000
140000
70000
130000
80000
170000
60000
90000
160000
60000
120000
25000
190000
200000
55000
140000
70000
130000
80000
170000
60000
90000
160000
60000
120000
25000
190000
200000
55000
140000
70000
130000
80000
170000
60000
90000
160000
60000
120000
25000
190000
200000
55000
140000
70000
130000
80000
170000
60000
90000
160000
60000
120000
25000
190000
200000
55000
140000
70000
130000
80000
170000
60000
90000
160000
60000
120000
25000
190000
200000
55000
140000
70000
130000
80000
170000
60000
90000
160000
60000
120000
25000
190000
200000
55000
140000
70000
130000
80000
75000
120000
65000
100000
150000
60000
120000
45000
80000
150000
65000
100000
90000
40000
110000
170000
75000
120000
70000
30000
180000
200000
50000
140000
65000
110000
28000
190000
210000
55000
140000
70000
130000
80000
170000
60000
90000
160000
60000
120000
25000
190000
200000
55000
140000
70000
130000
80000
170000
60000
90000
160000
60000
120000
25000
190000
200000
55000
140000
70000
130000
80000
170000
60000
90000
160000
60000
120000
25000
190000
200000
55000
140000
70000
130000
80000
170000
60000
90000
160000
60000
120000
25000
190000
200000
55000
140000
70000
130000
80000
170000
60000
90000
160000
60000
120000
25000
190000
200000
55000
140000
70000
130000
80000
170000
60000
90000
160000
60000
120000
25000
190000
200000
55000
140000
70000
130000
80000
170000
60000
90000
160000
60000
120000
25000
190000
200000
120000
60000
120000
65000
100000
150000
65000
120000
45000
80000
150000
65000
100000
90000
40000
110000
170000
75000
120000
70000
30000
180000
200000
50000
140000
65000
110000
28000
190000
210000
55000
140000
70000
130000
80000
170000
60000
90000
160000
60000
120000
25000
190000
200000
55000
140000
70000
130000
80000
170000
60000
90000
160000
60000
120000
25000
190000
200000
55000
140000
70000
130000
80000
170000
60000
90000
160000
60000
120000
25000
190000
200000
55000
140000
70000
130000
80000
170000
60000
90000
160000
60000
120000
25000
190000
200000
55000
140000
70000
130000
80000
170000
60000
90000
160000
60000
120000
25000
190000
200000
55000
140000
70000
130000
80000
170000
60000
90000
160000
60000
120000
25000
190000
200000
55000
140000
70000
130000
80000
170000
60000
90000
160000
60000
120000
25000
190000
200000
65000
125000
70000
110000
160000
75000
120000
50000
85000
155000
70000
115000
95000
40000
115000
175000
70000
135000
75000
30000
185000
210000
45000
145000
70000
120000
28000
195000
215000
55000
145000
75000
135000
80000
185000
60000
95000
170000
65000
120000
25000
195000
215000
55000
145000
75000
135000
80000
185000
60000
95000
170000
65000
120000
25000
195000
215000
55000
145000
75000
135000
80000
185000
60000
95000
170000
65000
120000
25000
195000
215000
55000
145000
75000
135000
80000
185000
60000
95000
170000
65000
120000
25000
195000
215000
55000
145000
75000
135000
80000
185000
60000
95000
170000
65000
120000
25000
195000
215000
55000
145000
75000
135000
80000
185000
60000
95000
170000
65000
120000
25000
195000
215000
55000
145000
75000
135000
80000
185000
60000
95000
170000
65000
120000
25000
195000
215000
75000
185000
120000
60000
145000
75000
135000
70000
175000
28000
195000
215000
55000
145000
75000
135000
80000
185000
60000
95000
170000
65000
120000
25000
195000
215000
55000
145000
75000
135000
80000
185000
60000
95000
170000
65000
120000
25000
195000
215000
55000
145000
75000
135000
80000
185000
60000
95000
170000
65000
120000
25000
195000
215000
55000
145000
75000
135000
80000
185000
60000
95000
170000
65000
120000
25000
195000
215000
55000
145000
75000
135000
80000
185000
60000
95000
170000
65000
120000
25000
195000
215000
55000
145000
75000
135000
80000
185000
60000
95000
170000
65000
120000
25000
195000
215000
55000
145000
75000
135000
80000
185000
60000
95000
170000
65000
120000
25000
195000
215000
55000
145000
75000
135000
80000
185000
60000
95000
170000
65000
120000
25000
195000
215000
55000
145000
75000
45000
80000
90000
35000
120000
60000
70000
40000
150000
35000
130000
35000
180000
60000
75000
50000
100000
40000
110000
55000
170000
40000
95000
35000
140000
70000
50000
75000
40000
120000
40000
160000
55000
100000
35000
80000
90000
35000
130000
60000
70000
40000
150000
35000
180000
40000
75000
120000
50000
90000
35000
110000
45000
70000
30000
130000
60000
150000
80000
35000
160000
40000
170000
40000
95000
35000
100000
70000
50000
120000
40000
50000
140000
40000
100000
30000
75000
40000
180000
80000
35000
120000
45000
90000
55000
160000
40000
170000
40000
95000
35000
110000
75000
50000
120000
40000
150000
70000
190000
40000
75000
140000
35000
120000
80000
35000
130000
40000
90000
55000
180000
45000
190000
50000
55000
130000
35000
120000
95000
35000
140000
40000
80000
55000
190000
75000
170000
50000
55000
130000
35000
120000
95000
35000
140000
40000
80000
55000
190000
75000
170000
50000
55000
130000
35000
120000
95000
35000
140000
40000
80000
55000
190000
75000
170000
50000
55000
130000
35000
120000
95000
35000
140000
40000
80000
55000
190000
75000
170000
50000
55000
130000
35000
120000
95000
35000
140000
40000
80000
55000
190000
75000
170000
50000
55000
130000
35000
120000
95000
35000
140000
40000
80000
55000
190000
110000
40000
150000
55000
70000
160000
35000
100000
90000
50000
140000
40000
180000
90000
35000
120000
45000
80000
55000
180000
75000
190000
40000
70000
150000
35000
120000
80000
35000
130000
40000
90000
55000
180000
45000
190000
50000
55000
130000
35000
120000
95000
35000
140000
40000
80000
55000
190000
75000
170000
50000
55000
130000
35000
120000
95000
35000
140000
40000
80000
55000
190000
75000
170000
50000
55000
130000
35000
120000
95000
35000
140000
40000
80000
55000
190000
75000
170000
50000
55000
130000
35000
120000
95000
35000
140000
40000
80000
55000
190000
75000
170000
50000
55000
130000
35000
120000
95000
35000
140000
40000
80000
55000
190000
75000
170000
50000
55000
130000
35000
120000
95000
35000
140000
40000
80000
55000
190000
75000
170000
50000
55000
130000
35000
120000
45000
160000
70000
75000
170000
35000
110000
80000
55000
150000
40000
190000
80000
35000
130000
45000
90000
55000
190000
90000
200000
40000
70000
160000
35000
130000
95000
35000
140000
40000
90000
55000
190000
75000
200000
50000
55000
140000
35000
130000
100000
35000
150000
40000
80000
55000
190000
90000
200000
40000
70000
160000
35000
130000
95000
35000
140000
40000
90000
55000
190000
75000
200000
50000
55000
140000
35000
130000
100000
35000
150000
40000
80000
55000
190000
90000
200000
40000
70000
160000
35000
130000
95000
35000
140000
40000
90000
55000
190000
75000
200000
50000
55000
140000
35000
130000
100000
35000
150000
40000
80000
55000
190000
90000
200000
40000
70000
160000
35000
130000
95000
35000
140000
40000
90000
55000
190000
75000
200000
50000
55000
140000
35000